Capital,Country,latitude,longitude,Ottawa,Paris,Berlin,Rom,Tokyo,London,Washington
Ottawa,Canada,45.421106,-75.690308,0,5648,6127,6728,10319,5360,734
Paris,France,48.856696899999996,2.3514616000000004,5648,0,876,1105,9715,343,6165
Berlin,Germany,52.517036499999996,13.388859900000002,6127,876,0,1183,8920,930,6710
Rom,Italy,41.8933203,12.4829321,6728,1105,1183,0,9859,1433,7217
Tokyo,Japan,35.682838700000005,139.7594549,10319,9715,8920,9859,0,9561,10902
London,UK,51.5073219,-0.1276474,5360,343,930,1433,9561,0,5898
Washington,USA,38.8949855,-77.03657079999999,734,6165,6710,7217,10902,5898,0
